100 3.040000e+00
100 3.040000e+00
100 3.040000e+00
100 3.040000e+00
100 3.040000e+00
100 3.040000e+00
100 3.040000e+00
100 3.040000e+00
100 3.040000e+00
100 3.040000e+00
100 3.040000e+00
100 3.040000e+00
100 3.040000e+00
100 3.040000e+00
1000 3.108000e+00
1000 3.108000e+00
1000 3.108000e+00
1000 3.108000e+00
1000 3.108000e+00
1000 3.108000e+00
1000 3.108000e+00
1000 3.108000e+00
1000 3.108000e+00
1000 3.108000e+00
1000 3.108000e+00
1000 3.108000e+00
1000 3.108000e+00
100 3.040000e+00
1000 3.108000e+00
100 3.040000e+00
10000 3.149600e+00
10000 3.149600e+00
10000 3.149600e+00
10000 3.149600e+00
10000 3.149600e+00
10000 3.149600e+00
10000 3.149600e+00
10000 3.149600e+00
10000 3.149600e+00
10000 3.149600e+00
10000 3.149600e+00
10000 3.149600e+00
10000 3.149600e+00
1000 3.108000e+00
10000 3.149600e+00
100 3.040000e+00
1000 3.108000e+00
100000 3.153680e+00
100000 3.153680e+00
100000 3.153680e+00
100000 3.153680e+00
100000 3.153680e+00
100000 3.153680e+00
100000 3.153680e+00
100000 3.153680e+00
100000 3.153680e+00
100000 3.153680e+00
100000 3.153680e+00
100 3.040000e+00
100000 3.153680e+00
100000 3.153680e+00
10000 3.149600e+00
1000 3.108000e+00
100000 3.153680e+00
10000 3.149600e+00
100 3.040000e+00
1000 3.108000e+00
100000 3.153680e+00
100000 3.153680e+00
10000 3.149600e+00
100 3.040000e+00
1000 3.108000e+00
10000 3.149600e+00
100000 3.153680e+00
100 3.040000e+00
1000 3.108000e+00
10000 3.149600e+00
100000 3.153680e+00
100 3.040000e+00
1000 3.108000e+00
10000 3.149600e+00
100000 3.153680e+00
1000 3.108000e+00
10000 3.149600e+00
100 3.040000e+00
100000 3.153680e+00
100 3.320000e+00
10000 3.138800e+00
100000 3.135320e+00
1000 3.112000e+00
1000000 3.143668e+00
1000000 3.143668e+00
1000000 3.143668e+00
100 3.320000e+00
1000000 3.143668e+00
1000000 3.143668e+00
1000 3.112000e+00
100000 3.135320e+00
1000000 3.143668e+00
1000000 3.143668e+00
1000000 3.143668e+00
10000 3.138800e+00
1000000 3.143668e+00
1000000 3.143668e+00
1000000 3.143668e+00
100 3.320000e+00
1000000 3.143668e+00
1000000 3.143668e+00
1000 3.112000e+00
10000 3.138800e+00
1000000 3.143668e+00
100000 3.135320e+00
1000 3.112000e+00
1000000 3.143668e+00
10000 3.138800e+00
100000 3.135320e+00
100 3.320000e+00
1000000 3.143668e+00
10000 3.138800e+00
100 3.320000e+00
1000000 3.143668e+00
1000 3.112000e+00
1000000 3.143668e+00
100 3.320000e+00
100000 3.135320e+00
100000 3.135320e+00
1000 3.112000e+00
10000 3.138800e+00
100 3.320000e+00
1000 3.112000e+00
10000 3.138800e+00
1000000 3.143668e+00
100000 3.135320e+00
1000000 3.140764e+00
100 3.320000e+00
1000 3.112000e+00
10000 3.138800e+00
100000 3.135320e+00
100 3.320000e+00
1000 3.112000e+00
10000 3.138800e+00
100000 3.135320e+00
1000000 3.140764e+00
1000000 3.140764e+00
100 3.320000e+00
1000 3.112000e+00
10000 3.138800e+00
100000 3.135320e+00
1000 3.112000e+00
10000 3.138800e+00
100000 3.135320e+00
100 3.320000e+00
1000000 3.140764e+00
100 3.320000e+00
1000000 3.140764e+00
10000 3.138800e+00
100000 3.135320e+00
1000 3.188000e+00
100 3.080000e+00
1000 3.188000e+00
100000 3.148520e+00
10000 3.156400e+00
1000000 3.140764e+00
1000000 3.140764e+00
1000 3.188000e+00
10000 3.156400e+00
100 3.080000e+00
100000 3.148520e+00
10000 3.156400e+00
100 3.080000e+00
100000 3.148520e+00
1000 3.188000e+00
1000000 3.140764e+00
1000000 3.140764e+00
100 3.080000e+00
100000 3.148520e+00
1000 3.188000e+00
10000 3.156400e+00
100 3.080000e+00
1000000 3.140764e+00
1000 3.188000e+00
10000 3.156400e+00
100000 3.148520e+00
100 3.080000e+00
1000 3.188000e+00
1000000 3.140764e+00
10000 3.156400e+00
100000 3.148520e+00
100 3.080000e+00
1000000 3.140764e+00
1000 3.188000e+00
10000 3.156400e+00
100000 3.148520e+00
1000000 3.142472e+00
100 3.080000e+00
1000 3.188000e+00
10000 3.156400e+00
100000 3.148520e+00
100 3.200000e+00
1000 3.136000e+00
10000 3.141600e+00
1000000 3.142472e+00
100000 3.140520e+00
100 3.200000e+00
1000 3.136000e+00
10000 3.141600e+00
1000000 3.142472e+00
100000 3.140520e+00
100 3.200000e+00
1000 3.136000e+00
10000 3.141600e+00
1000000 3.142472e+00
100000 3.140520e+00
100 3.200000e+00
1000 3.136000e+00
10000 3.141600e+00
100000 3.140520e+00
1000000 3.142472e+00
100 3.200000e+00
1000 3.136000e+00
10000 3.141600e+00
100000 3.140520e+00
1000000 3.142472e+00
1000000 3.142472e+00
100 3.200000e+00
1000 3.136000e+00
10000 3.141600e+00
100000 3.140520e+00
1000000 3.142472e+00
100 3.200000e+00
1000 3.136000e+00
10000 3.141600e+00
100000 3.140520e+00
100 3.160000e+00
1000 3.148000e+00
10000 3.132800e+00
100000 3.142120e+00
1000000 3.142624e+00
1000000 3.142624e+00
100 3.160000e+00
1000 3.148000e+00
10000 3.132800e+00
100000 3.142120e+00
1000000 3.142624e+00
1000 3.148000e+00
10000 3.132800e+00
100000 3.142120e+00
100 3.160000e+00
100 3.160000e+00
10000 3.132800e+00
100000 3.142120e+00
1000000 3.142624e+00
1000 3.148000e+00
1000000 3.142624e+00
100 3.160000e+00
1000 3.148000e+00
10000 3.132800e+00
100000 3.142120e+00
1000000 3.142624e+00
1000 3.148000e+00
10000 3.132800e+00
100 3.160000e+00
100000 3.142120e+00
1000000 3.142624e+00
100 3.280000e+00
10000 3.124400e+00
100000 3.137400e+00
1000 3.100000e+00
1000000 3.141292e+00
100 3.280000e+00
1000 3.100000e+00
100000 3.137400e+00
10000 3.124400e+00
1000000 3.141292e+00
100 3.280000e+00
1000 3.100000e+00
10000 3.124400e+00
100000 3.137400e+00
1000000 3.141292e+00
100 3.280000e+00
1000 3.100000e+00
10000 3.124400e+00
100000 3.137400e+00
1000000 3.141292e+00
100 3.280000e+00
1000 3.100000e+00
10000 3.124400e+00
100000 3.137400e+00
1000000 3.141292e+00
100 3.280000e+00
1000 3.100000e+00
10000 3.124400e+00
100000 3.137400e+00
100 3.520000e+00
1000 3.136000e+00
10000 3.152800e+00
1000000 3.141292e+00
100000 3.141320e+00
100 3.520000e+00
1000 3.136000e+00
10000 3.152800e+00
100000 3.141320e+00
1000000 3.140712e+00
100 3.520000e+00
1000000 3.140712e+00
1000 3.136000e+00
10000 3.152800e+00
100000 3.141320e+00
100 3.520000e+00
1000 3.136000e+00
1000000 3.140712e+00
10000 3.152800e+00
100000 3.141320e+00
1000 3.136000e+00
10000 3.152800e+00
100000 3.141320e+00
100 3.520000e+00
1000000 3.140712e+00
100 3.280000e+00
1000000 3.140712e+00
10000 3.168400e+00
1000 3.116000e+00
1000000 3.140712e+00
100000 3.138560e+00
100 3.280000e+00
1000 3.116000e+00
100000 3.138560e+00
10000 3.168400e+00
100 3.280000e+00
1000 3.116000e+00
10000 3.168400e+00
1000000 3.142436e+00
1000000 3.142436e+00
100000 3.138560e+00
100 3.280000e+00
1000 3.116000e+00
10000 3.168400e+00
100000 3.138560e+00
100 3.280000e+00
1000 3.116000e+00
10000 3.168400e+00
100000 3.138560e+00
1000000 3.142436e+00
100 3.040000e+00
1000 3.052000e+00
1000000 3.142436e+00
10000 3.137200e+00
100000 3.145840e+00
1000000 3.142436e+00
100 3.040000e+00
1000 3.052000e+00
10000 3.137200e+00
100000 3.145840e+00
1000000 3.139344e+00
100 3.040000e+00
1000 3.052000e+00
10000 3.137200e+00
100000 3.145840e+00
100 3.040000e+00
1000 3.052000e+00
10000 3.137200e+00
1000000 3.139344e+00
100000 3.145840e+00
1000000 3.139344e+00
100 3.080000e+00
1000 3.132000e+00
10000 3.112000e+00
100000 3.130120e+00
100 3.080000e+00
1000000 3.139344e+00
1000 3.132000e+00
10000 3.112000e+00
100000 3.130120e+00
100 3.080000e+00
1000 3.132000e+00
10000 3.112000e+00
1000000 3.141408e+00
100 3.080000e+00
1000 3.132000e+00
10000 3.112000e+00
100000 3.130120e+00
1000000 3.141408e+00
100000 3.130120e+00
1000000 3.141408e+00
100 3.160000e+00
1000 3.112000e+00
10000 3.134400e+00
100000 3.138640e+00
100 3.160000e+00
1000 3.112000e+00
10000 3.134400e+00
1000000 3.141408e+00
100000 3.138640e+00
100 3.160000e+00
1000 3.112000e+00
10000 3.134400e+00
100000 3.138640e+00
100 3.160000e+00
1000 3.112000e+00
10000 3.134400e+00
1000000 3.141408e+00
100000 3.138640e+00
1000000 3.139816e+00
1000000 3.139816e+00
100 3.280000e+00
1000 3.120000e+00
10000 3.132800e+00
100000 3.143720e+00
100 3.280000e+00
1000 3.120000e+00
10000 3.132800e+00
100000 3.143720e+00
1000000 3.139816e+00
100 3.280000e+00
1000 3.120000e+00
10000 3.132800e+00
100000 3.143720e+00
1000000 3.141800e+00
1000000 3.141800e+00
100 3.280000e+00
1000 3.120000e+00
10000 3.132800e+00
100000 3.143720e+00
100 3.000000e+00
1000 3.156000e+00
10000 3.150000e+00
100000 3.146720e+00
1000000 3.141800e+00
1000000 3.141800e+00
100 3.000000e+00
1000 3.156000e+00
10000 3.150000e+00
100000 3.146720e+00
1000000 3.141800e+00
100 3.000000e+00
1000 3.156000e+00
10000 3.150000e+00
100000 3.146720e+00
1000000 3.138884e+00
100 3.000000e+00
1000 3.156000e+00
10000 3.150000e+00
1000000 3.138884e+00
100000 3.146720e+00
100 2.880000e+00
1000 3.140000e+00
10000 3.144400e+00
100000 3.137160e+00
100 2.880000e+00
1000 3.140000e+00
10000 3.144400e+00
100000 3.137160e+00
1000000 3.138884e+00
100 2.880000e+00
1000 3.140000e+00
10000 3.144400e+00
1000000 3.138884e+00
100000 3.137160e+00
100 3.200000e+00
1000 3.164000e+00
10000 3.153200e+00
1000000 3.141796e+00
100000 3.143280e+00
10000000 3.142018e+00
100 3.200000e+00
1000 3.164000e+00
10000 3.153200e+00
10000000 3.142018e+00
100000 3.143280e+00
10000000 3.142018e+00
1000000 3.141796e+00
10000000 3.142018e+00
10000000 3.142018e+00
100 3.200000e+00
10000000 3.142018e+00
1000 3.164000e+00
10000000 3.142018e+00
10000 3.153200e+00
10000000 3.142018e+00
10000000 3.142018e+00
1000000 3.141796e+00
10000000 3.142018e+00
10000000 3.142018e+00
10000000 3.142018e+00
100000 3.143280e+00
1000 3.164000e+00
10000 3.153200e+00
10000000 3.142018e+00
100 3.200000e+00
10000000 3.142018e+00
1000000 3.141404e+00
100000 3.143280e+00
10000000 3.142018e+00
100 3.160000e+00
10000 3.114800e+00
1000 3.160000e+00
10000000 3.142018e+00
100000 3.142960e+00
10000000 3.142018e+00
10000000 3.142018e+00
1000 3.160000e+00
1000000 3.141404e+00
100000 3.142960e+00
10000 3.114800e+00
1000000 3.141404e+00
1000000 3.141404e+00
10000 3.114800e+00
100000 3.142960e+00
1000000 3.141320e+00
10000000 3.142018e+00
100000 3.143840e+00
1000000 3.141320e+00
10000000 3.142018e+00
10000000 3.142018e+00
10000000 3.142018e+00
1000000 3.141320e+00
1000000 3.144068e+00
10000000 3.141767e+00
1000000 3.144068e+00
10000000 3.141767e+00
1000000 3.144068e+00
1000000 3.144068e+00
10000000 3.141767e+00
1000000 3.139808e+00
10000000 3.141767e+00
10000000 3.141767e+00
1000000 3.139808e+00
10000000 3.141767e+00
10000000 3.141767e+00
10000000 3.141767e+00
10000000 3.141767e+00
10000000 3.141442e+00
10000000 3.141442e+00
10000000 3.141442e+00
10000000 3.141442e+00
10000000 3.141442e+00
10000000 3.141442e+00
10000000 3.141442e+00
10000000 3.141442e+00
10000000 3.141622e+00
10000000 3.141622e+00
10000000 3.141622e+00
10000000 3.141622e+00
10000000 3.141622e+00
10000000 3.141442e+00
10000000 3.141442e+00
10000000 3.141442e+00
10000000 3.141442e+00
10000000 3.141442e+00
10000000 3.141442e+00
10000000 3.142162e+00
10000000 3.142162e+00
10000000 3.142162e+00
10000000 3.142162e+00
10000000 3.142162e+00
10000000 3.142454e+00
10000000 3.142454e+00
10000000 3.142454e+00
10000000 3.142454e+00
10000000 3.141110e+00
10000000 3.142454e+00
10000000 3.141110e+00
10000000 3.141110e+00
10000000 3.141110e+00
10000000 3.141130e+00
10000000 3.141130e+00
10000000 3.141130e+00
10000000 3.141130e+00
10000000 3.142210e+00
10000000 3.142210e+00
10000000 3.142210e+00
10000000 3.140604e+00
10000000 3.140604e+00
10000000 3.140604e+00
10000000 3.140604e+00
10000000 3.141742e+00
10000000 3.141742e+00
10000000 3.141742e+00
10000000 3.141742e+00
10000000 3.141742e+00
10000000 3.141633e+00
10000000 3.141633e+00
10000000 3.141633e+00
10000000 3.141636e+00
10000000 3.141636e+00
10000000 3.141636e+00
10000000 3.142130e+00
10000000 3.142130e+00
10000000 3.142130e+00
10000000 3.142130e+00
10000000 3.141814e+00
10000000 3.141814e+00
10000000 3.141814e+00
10000000 3.141478e+00
10000000 3.141478e+00
10000000 3.141478e+00
10000000 3.142320e+00
10000000 3.142320e+00
10000000 3.142320e+00
10000000 3.142320e+00
100000000 3.141685e+00
100000000 3.141579e+00
100000000 3.141685e+00
100000000 3.141685e+00
100000000 3.141685e+00
100000000 3.141685e+00
100000000 3.141579e+00
100000000 3.141685e+00
100000000 3.141579e+00
100000000 3.141579e+00
100000000 3.141579e+00
100000000 3.141579e+00
100000000 3.141579e+00
100000000 3.141685e+00
100 3.160000e+00
100000000 3.141685e+00
100000000 3.141579e+00
100 3.160000e+00
1000 3.192000e+00
100 3.160000e+00
1000 3.192000e+00
100000000 3.141498e+00
10000 3.132400e+00
100 3.360000e+00
1000 3.200000e+00
100000000 3.141498e+00
10000 3.134400e+00
100000000 3.141498e+00
100000 3.140880e+00
100 3.360000e+00
100000000 3.141401e+00
1000 3.200000e+00
10000 3.134400e+00
100000 3.140880e+00
100000000 3.141579e+00
100 3.360000e+00
1000 3.200000e+00
10000 3.134400e+00
100000 3.140880e+00
100 3.360000e+00
1000 3.200000e+00
10000 3.134400e+00
100000 3.140880e+00
100 3.080000e+00
1000 3.168000e+00
100000000 3.141401e+00
10000 3.128400e+00
100000 3.144120e+00
100000000 3.141401e+00
100 3.080000e+00
1000 3.168000e+00
10000 3.128400e+00
100000 3.144120e+00
100 3.080000e+00
1000 3.168000e+00
10000 3.128400e+00
100000000 3.141632e+00
100000 3.144120e+00
100000000 3.141632e+00
100000000 3.141632e+00
100 3.080000e+00
1000 3.168000e+00
10000 3.128400e+00
100000 3.144120e+00
100 3.120000e+00
1000 3.088000e+00
100000000 3.141450e+00
10000 3.120400e+00
100000 3.144640e+00
100000000 3.141450e+00
1000000 3.141064e+00
100 3.120000e+00
1000 3.088000e+00
10000 3.120400e+00
100000 3.144640e+00
1000000 3.141064e+00
100 3.120000e+00
100000000 3.141450e+00
100000000 3.141659e+00
1000 3.088000e+00
10000 3.120400e+00
1000000 3.141064e+00
100000 3.144640e+00
1000000 3.141756e+00
100 3.120000e+00
1000 3.088000e+00
10000 3.120400e+00
100000 3.144640e+00
100000000 3.141659e+00
1000000 3.141756e+00
100 3.120000e+00
1000 3.172000e+00
100000 3.133640e+00
10000 3.153200e+00
1000000 3.141756e+00
1000 3.172000e+00
100 3.120000e+00
10000 3.153200e+00
100000 3.133640e+00
100 3.120000e+00
10000 3.153200e+00
1000 3.172000e+00
100000 3.133640e+00
100000000 3.141409e+00
100000000 3.141659e+00
1000000 3.140968e+00
1000000 3.140968e+00
100 3.120000e+00
1000 3.172000e+00
100000 3.156160e+00
10000 3.158000e+00
1000000 3.140968e+00
100 3.200000e+00
1000 3.156000e+00
10000 3.158000e+00
1000000 3.140968e+00
100000000 3.141409e+00
100000 3.156160e+00
100 3.200000e+00
1000 3.156000e+00
10000 3.158000e+00
100000 3.156160e+00
100000000 3.141385e+00
1000 3.156000e+00
10000 3.158000e+00
100000 3.156160e+00
100 3.200000e+00
1000000 3.140968e+00
100000000 3.141385e+00
100 3.200000e+00
10000 3.142800e+00
100000 3.132200e+00
1000000 3.141140e+00
1000 3.104000e+00
100000000 3.141385e+00
100 3.200000e+00
1000000 3.141140e+00
1000 3.104000e+00
100000 3.132200e+00
100000000 3.141385e+00
10000 3.142800e+00
100000000 3.141385e+00
100 3.200000e+00
1000000 3.141140e+00
1000 3.104000e+00
10000 3.142800e+00
100000 3.132200e+00
1000 3.104000e+00
1000000 3.141944e+00
100000000 3.141538e+00
10000 3.142800e+00
100000 3.132200e+00
100 3.200000e+00
100 2.760000e+00
1000000 3.141944e+00
10000 3.126000e+00
100000 3.139520e+00
100000000 3.141538e+00
1000 3.088000e+00
100 2.760000e+00
100000000 3.141538e+00
1000 3.088000e+00
100000000 3.141773e+00
100000 3.139520e+00
1000000 3.141944e+00
1000000 3.141944e+00
10000 3.126000e+00
100 2.760000e+00
1000 3.088000e+00
10000 3.126000e+00
100000 3.139520e+00
1000000 3.139312e+00
100 2.760000e+00
10000 3.126000e+00
1000 3.088000e+00
100000 3.139520e+00
100000000 3.141773e+00
100000000 3.141773e+00
100 3.280000e+00
1000 3.124000e+00
100000 3.153680e+00
10000 3.158400e+00
1000000 3.139312e+00
100000000 3.141773e+00
1000 3.124000e+00
1000000 3.139312e+00
10000 3.158400e+00
100 3.280000e+00
100000 3.153680e+00
100 3.280000e+00
100000000 3.141773e+00
10000 3.158400e+00
100000 3.153680e+00
1000 3.124000e+00
1000000 3.139312e+00
100000000 3.141773e+00
1000000 3.140984e+00
100000000 3.141773e+00
100 3.280000e+00
1000 3.124000e+00
100000 3.142320e+00
10000 3.142400e+00
1000000 3.140984e+00
100 3.000000e+00
1000 3.172000e+00
10000 3.142400e+00
100000 3.142320e+00
100 3.000000e+00
1000000 3.140984e+00
1000 3.172000e+00
10000 3.142400e+00
100000000 3.141630e+00
100000 3.142320e+00
100 3.000000e+00
1000 3.172000e+00
1000000 3.148688e+00
10000 3.142400e+00
100000 3.142320e+00
1000 3.188000e+00
1000000 3.148688e+00
10000 3.138000e+00
100 3.080000e+00
100000 3.138520e+00
1000000 3.148688e+00
100000000 3.141601e+00
100000000 3.141601e+00
100 3.080000e+00
10000 3.138000e+00
1000 3.188000e+00
100000 3.138520e+00
100 3.080000e+00
1000 3.188000e+00
100000000 3.141601e+00
100000 3.138520e+00
100000000 3.141601e+00
10000 3.138000e+00
1000000 3.148688e+00
100 3.080000e+00
100000000 3.141601e+00
1000000 3.143048e+00
1000 3.188000e+00
10000 3.138000e+00
100000000 3.141360e+00
100000 3.138520e+00
1000000 3.143048e+00
100 3.040000e+00
1000 3.116000e+00
10000 3.157600e+00
100000 3.145560e+00
100000000 3.141659e+00
100 3.040000e+00
1000 3.116000e+00
10000 3.157600e+00
100000 3.145560e+00
100000000 3.141360e+00
1000000 3.143048e+00
1000000 3.143048e+00
100 3.040000e+00
1000 3.116000e+00
10000 3.157600e+00
100000 3.145560e+00
100000000 3.141497e+00
1000000 3.140540e+00
100 3.040000e+00
1000 3.116000e+00
10000 3.157600e+00
100000000 3.141497e+00
1000000 3.140540e+00
100000 3.145560e+00
100 3.000000e+00
1000 3.104000e+00
10000 3.139200e+00
100000 3.145360e+00
100000000 3.141497e+00
100 3.000000e+00
1000 3.104000e+00
1000000 3.140540e+00
10000 3.139200e+00
100000 3.145360e+00
100000000 3.141497e+00
1000000 3.140540e+00
100 3.000000e+00
1000 3.104000e+00
10000 3.139200e+00
100000 3.145360e+00
100 3.000000e+00
1000 3.104000e+00
10000 3.139200e+00
100000 3.145360e+00
100000000 3.141734e+00
1000000 3.144708e+00
100000000 3.141734e+00
100 3.400000e+00
1000 3.272000e+00
10000 3.156400e+00
100000 3.138960e+00
1000000 3.144708e+00
100 3.400000e+00
1000 3.272000e+00
10000 3.156400e+00
1000000 3.144708e+00
100000 3.138960e+00
1000000 3.144708e+00
100 3.400000e+00
1000 3.272000e+00
10000 3.156400e+00
100000000 3.141660e+00
100000000 3.141660e+00
100000 3.138960e+00
100 3.400000e+00
1000 3.272000e+00
10000 3.156400e+00
100000 3.130880e+00
1000000 3.141012e+00
100000000 3.141650e+00
100 3.360000e+00
100000000 3.141660e+00
1000 3.128000e+00
10000 3.115200e+00
100000 3.130880e+00
100000000 3.141497e+00
1000000 3.141012e+00
1000000 3.141012e+00
100 3.360000e+00
1000 3.128000e+00
10000 3.115200e+00
100000 3.130880e+00
100 3.360000e+00
1000000 3.141012e+00
1000 3.128000e+00
10000 3.115200e+00
100000 3.130880e+00
100000000 3.141591e+00
100 3.360000e+00
1000 3.228000e+00
1000000 3.141104e+00
10000 3.129200e+00
100000000 3.141591e+00
100000 3.148240e+00
100 3.320000e+00
1000 3.228000e+00
10000 3.129200e+00
100000 3.148240e+00
1000000 3.141104e+00
100000000 3.141591e+00
100 3.320000e+00
1000 3.228000e+00
10000 3.129200e+00
100000 3.148240e+00
1000000 3.141104e+00
100 3.320000e+00
1000 3.228000e+00
10000 3.129200e+00
100000 3.148240e+00
1000000 3.140272e+00
100000000 3.141591e+00
1000000 3.140272e+00
100 3.400000e+00
1000 3.148000e+00
10000 3.140400e+00
100000 3.140520e+00
100000000 3.141665e+00
1000000 3.140272e+00
100000000 3.141515e+00
100 3.400000e+00
1000 3.148000e+00
10000 3.140400e+00
100000 3.140520e+00
100 3.400000e+00
1000 3.148000e+00
10000 3.140400e+00
100000 3.140520e+00
100000000 3.141515e+00
1000000 3.140272e+00
1000000 3.141752e+00
100 3.400000e+00
1000 3.148000e+00
10000 3.140400e+00
100000 3.140520e+00
100000000 3.141665e+00
1000000 3.141752e+00
100 3.440000e+00
1000 3.080000e+00
10000 3.128000e+00
1000000 3.141752e+00
100000000 3.141665e+00
100000 3.145240e+00
100 3.440000e+00
1000 3.080000e+00
10000 3.128000e+00
100000 3.145240e+00
1000000 3.141752e+00
100 3.440000e+00
1000 3.080000e+00
10000 3.128000e+00
100000 3.145240e+00
100000000 3.141239e+00
1000000 3.141944e+00
100000000 3.141734e+00
100 3.440000e+00
1000 3.080000e+00
10000 3.139600e+00
100000 3.147320e+00
1000000 3.141944e+00
100000000 3.141239e+00
100 3.160000e+00
1000 3.116000e+00
10000 3.139600e+00
100000 3.147320e+00
1000000 3.141944e+00
100 3.160000e+00
1000 3.116000e+00
10000 3.139600e+00
1000000 3.141944e+00
100000 3.147320e+00
100 3.160000e+00
1000 3.116000e+00
10000 3.139600e+00
100000 3.147320e+00
1000000 3.141884e+00
100 3.040000e+00
1000 3.128000e+00
10000 3.090400e+00
100000 3.140520e+00
100 3.040000e+00
100000000 3.141239e+00
1000 3.128000e+00
1000000 3.141884e+00
10000 3.090400e+00
100000000 3.141239e+00
100000 3.140520e+00
1000000 3.141884e+00
100 3.040000e+00
100000000 3.141782e+00
1000 3.128000e+00
100000000 3.141455e+00
10000 3.090400e+00
100000 3.140520e+00
100000000 3.141455e+00
100000000 3.141455e+00
1000000 3.141556e+00
100 3.040000e+00
100000000 3.141455e+00
1000 3.128000e+00
10000 3.090400e+00
100000 3.140520e+00
100 2.960000e+00
1000 3.148000e+00
10000 3.148800e+00
1000000 3.141556e+00
100000000 3.141455e+00
100000 3.151320e+00
100 2.960000e+00
1000 3.148000e+00
10000 3.148800e+00
1000000 3.141556e+00
100000 3.151320e+00
1000 3.148000e+00
10000 3.148800e+00
100000 3.151320e+00
100 2.960000e+00
1000000 3.140632e+00
100 2.960000e+00
10000 3.154000e+00
1000000 3.140632e+00
1000 3.180000e+00
1000000 3.140632e+00
100000 3.143640e+00
100 3.320000e+00
1000 3.180000e+00
100000000 3.141476e+00
100000 3.143640e+00
100000000 3.141476e+00
10000 3.154000e+00
100000000 3.141476e+00
1000000 3.140632e+00
100 3.320000e+00
1000 3.180000e+00
10000 3.154000e+00
1000000 3.143212e+00
100000 3.143640e+00
100000000 3.141693e+00
100000000 3.141693e+00
100 3.320000e+00
1000 3.180000e+00
100000000 3.141693e+00
10000 3.154000e+00
100000 3.143640e+00
1000000 3.143212e+00
100 3.280000e+00
1000 3.108000e+00
10000 3.154800e+00
100000 3.139880e+00
100000000 3.141830e+00
100 3.280000e+00
1000 3.108000e+00
10000 3.154800e+00
100000 3.139880e+00
1000000 3.143212e+00
10000000 3.141790e+00
100000000 3.141515e+00
100 3.280000e+00
1000 3.108000e+00
10000 3.154800e+00
1000000 3.143212e+00
100000 3.139880e+00
10000000 3.141790e+00
100 3.280000e+00
10000000 3.141790e+00
1000 3.108000e+00
10000 3.154800e+00
100000 3.139880e+00
1000000 3.140224e+00
10000000 3.142333e+00
1000 3.112000e+00
100 3.320000e+00
10000 3.124400e+00
100000 3.143080e+00
10000000 3.142333e+00
1000000 3.140224e+00
1000000 3.140224e+00
100 3.320000e+00
1000 3.112000e+00
10000 3.124400e+00
100000 3.143080e+00
100 3.320000e+00
1000 3.112000e+00
10000 3.124400e+00
10000000 3.142333e+00
100000 3.143080e+00
1000000 3.140224e+00
100 3.320000e+00
1000 3.112000e+00
1000000 3.141060e+00
10000 3.123600e+00
100000 3.136200e+00
10000000 3.142016e+00
1000000 3.141060e+00
10000000 3.142016e+00
1000 3.184000e+00
10000 3.123600e+00
100000 3.136200e+00
100 2.960000e+00
1000000 3.141060e+00
100 2.960000e+00
10000 3.123600e+00
100000 3.136200e+00
10000000 3.142016e+00
1000 3.184000e+00
10000000 3.142016e+00
1000000 3.141060e+00
100 2.960000e+00
1000 3.184000e+00
100000 3.136200e+00
10000 3.146000e+00
100 3.200000e+00
1000 3.196000e+00
10000 3.146000e+00
1000000 3.142036e+00
100000 3.146120e+00
100 3.200000e+00
10000000 3.142136e+00
1000 3.196000e+00
1000000 3.142036e+00
100000 3.146120e+00
10000 3.146000e+00
10000000 3.142136e+00
1000000 3.142036e+00
100 3.200000e+00
1000 3.196000e+00
10000 3.146000e+00
100000 3.146120e+00
1000000 3.141384e+00
10000000 3.142136e+00
10000000 3.142136e+00
100000000 3.141591e+00
100 2.960000e+00
1000 3.184000e+00
10000 3.156800e+00
100000 3.147520e+00
1000 3.184000e+00
10000 3.156800e+00
100000 3.147520e+00
1000000 3.141384e+00
10000000 3.141671e+00
1000000 3.141384e+00
10000 3.156800e+00
100000 3.147520e+00
1000000 3.141384e+00
10000000 3.141671e+00
100 3.000000e+00
100000 3.140080e+00
10000000 3.141671e+00
1000000 3.143088e+00
10000000 3.141671e+00
1000 3.040000e+00
10000000 3.142864e+00
1000000 3.143088e+00
10000 3.130000e+00
1000000 3.143088e+00
100000 3.149560e+00
10000000 3.142864e+00
1000000 3.144872e+00
10000000 3.142864e+00
1000000 3.144872e+00
1000000 3.144872e+00
10000000 3.141269e+00
1000000 3.142692e+00
10000000 3.141269e+00
10000000 3.141269e+00
1000000 3.142692e+00
10000000 3.141269e+00
10000000 3.140781e+00
10000000 3.140781e+00
1000000 3.142752e+00
10000000 3.140781e+00
10000000 3.140781e+00
10000000 3.141440e+00
10000000 3.141440e+00
10000000 3.141440e+00
10000000 3.141440e+00
10000000 3.141777e+00
10000000 3.141777e+00
10000000 3.141777e+00
10000000 3.141777e+00
10000000 3.142078e+00
10000000 3.142078e+00
10000000 3.142078e+00
10000000 3.142078e+00
10000000 3.142242e+00
10000000 3.142242e+00
10000000 3.142242e+00
10000000 3.141730e+00
10000000 3.141730e+00
10000000 3.141730e+00
10000000 3.141546e+00
10000000 3.141546e+00
10000000 3.141546e+00
10000000 3.141546e+00
10000000 3.141356e+00
10000000 3.141356e+00
10000000 3.141356e+00
10000000 3.141356e+00
10000000 3.141356e+00
10000000 3.141362e+00
10000000 3.141362e+00
10000000 3.141362e+00
10000000 3.141362e+00
10000000 3.141177e+00
10000000 3.141177e+00
10000000 3.141177e+00
10000000 3.141726e+00
10000000 3.141726e+00
10000000 3.141726e+00
10000000 3.140744e+00
10000000 3.140744e+00
10000000 3.140744e+00
10000000 3.140744e+00
10000000 3.140744e+00
10000000 3.140716e+00
10000000 3.140716e+00
10000000 3.140716e+00
10000000 3.141547e+00
10000000 3.141547e+00
10000000 3.141547e+00
10000000 3.141202e+00
10000000 3.141202e+00
10000000 3.141202e+00
10000000 3.141202e+00
10000000 3.142661e+00
10000000 3.142661e+00
10000000 3.142661e+00
10000000 3.142661e+00
10000000 3.141415e+00
10000000 3.141415e+00
10000000 3.142276e+00
10000000 3.142276e+00
10000000 3.142276e+00
10000000 3.142276e+00
10000000 3.141191e+00
10000000 3.141191e+00
10000000 3.141191e+00
10000000 3.140745e+00
10000000 3.140745e+00
10000000 3.140745e+00
10000000 3.141393e+00
100000000 3.141579e+00
100 3.280000e+00
1000 3.196000e+00
10000 3.159200e+00
100000 3.144360e+00
1000000 3.142892e+00
10000000 3.141302e+00
100000000 3.141782e+00
100 3.120000e+00
1000 3.080000e+00
10000 3.161200e+00
100000 3.143520e+00
1000000 3.140868e+00
10000000 3.141482e+00
100000000 3.141431e+00
100000000 3.141641e+00
100000000 3.141641e+00
100000000 3.141641e+00
100000000 3.141641e+00
100 2.960000e+00
100 2.960000e+00
100000000 3.141668e+00
1000 3.140000e+00
100 2.960000e+00
1000 3.140000e+00
100000000 3.141668e+00
10000 3.150800e+00
1000 3.140000e+00
100 2.960000e+00
100000000 3.141668e+00
10000 3.130000e+00
100 2.880000e+00
10000 3.130000e+00
100000 3.141480e+00
1000 3.156000e+00
100000000 3.141729e+00
100000 3.141480e+00
100 2.880000e+00
1000 3.156000e+00
100000 3.141480e+00
10000 3.130000e+00
1000 3.156000e+00
10000 3.130000e+00
100 2.880000e+00
100000000 3.141729e+00
100000 3.141480e+00
10000 3.140400e+00
100 3.400000e+00
100000 3.143760e+00
1000 3.044000e+00
100000000 3.141729e+00
100 3.400000e+00
100000 3.143760e+00
100000000 3.141668e+00
1000 3.044000e+00
10000 3.140400e+00
100000000 3.141571e+00
100000000 3.141571e+00
1000 3.044000e+00
10000 3.140400e+00
100000 3.143760e+00
100000000 3.141776e+00
100000000 3.141571e+00
100 3.040000e+00
10000 3.165600e+00
100000 3.136040e+00
100 3.040000e+00
1000000 3.142724e+00
1000 3.100000e+00
100000 3.136040e+00
1000000 3.142724e+00
100000000 3.141776e+00
100 3.040000e+00
1000 3.100000e+00
10000 3.165600e+00
100000000 3.141776e+00
1000000 3.142724e+00
100 3.240000e+00
100000000 3.141776e+00
1000 3.088000e+00
10000 3.130000e+00
100000 3.130480e+00
1000000 3.142544e+00
100 3.240000e+00
1000 3.088000e+00
10000 3.130000e+00
100000 3.130480e+00
1000000 3.142544e+00
100 3.240000e+00
100000000 3.141670e+00
1000 3.088000e+00
10000 3.130000e+00
100000 3.130480e+00
100 3.240000e+00
1000 3.088000e+00
10000 3.130000e+00
1000000 3.142544e+00
100000 3.130480e+00
100 3.040000e+00
1000000 3.140308e+00
1000 3.156000e+00
100000000 3.141670e+00
10000 3.140400e+00
100000000 3.141433e+00
1000000 3.140308e+00
100000 3.143280e+00
100 3.040000e+00
1000 3.156000e+00
10000 3.140400e+00
100000 3.143280e+00
100000000 3.141433e+00
100 3.040000e+00
1000000 3.140308e+00
1000 3.156000e+00
10000 3.140400e+00
100000 3.143280e+00
100000000 3.141433e+00
100 3.200000e+00
1000 3.124000e+00
10000 3.134800e+00
100000 3.142160e+00
1000000 3.140116e+00
1000 3.124000e+00
10000 3.134800e+00
100000 3.142160e+00
100 3.200000e+00
100000000 3.141431e+00
1000000 3.140116e+00
100 3.200000e+00
10000 3.134800e+00
100000 3.142160e+00
100000000 3.141431e+00
1000 3.124000e+00
1000000 3.140800e+00
100000000 3.141431e+00
100 3.200000e+00
1000 3.164000e+00
100000 3.140600e+00
10000 3.166000e+00
1000000 3.140800e+00
100 3.440000e+00
1000 3.164000e+00
10000 3.166000e+00
100000 3.140600e+00
100000000 3.141433e+00
100 3.440000e+00
1000 3.164000e+00
10000 3.166000e+00
100000 3.140600e+00
1000000 3.140800e+00
1000000 3.140800e+00
100 3.440000e+00
1000 3.164000e+00
10000 3.166000e+00
100000 3.140600e+00
100000000 3.142008e+00
100000000 3.142008e+00
1000000 3.140908e+00
1000 3.084000e+00
10000 3.165200e+00
100 3.240000e+00
100000 3.150000e+00
100000000 3.141153e+00
100000000 3.141153e+00
10000 3.165200e+00
100 3.240000e+00
100000 3.150000e+00
1000 3.084000e+00
1000000 3.140908e+00
1000000 3.140908e+00
100000 3.150000e+00
1000 3.084000e+00
10000 3.165200e+00
100000000 3.142008e+00
100 3.240000e+00
1000000 3.142752e+00
100000000 3.141478e+00
10000 3.160400e+00
100000 3.138800e+00
1000 3.228000e+00
100000000 3.141478e+00
1000000 3.142752e+00
100 3.240000e+00
100000 3.138800e+00
100000000 3.141478e+00
1000000 3.142752e+00
100 3.240000e+00
10000 3.160400e+00
100000000 3.141153e+00
1000 3.228000e+00
100 3.240000e+00
1000 3.228000e+00
100000 3.138800e+00
10000 3.152400e+00
1000000 3.142752e+00
100 2.720000e+00
1000000 3.141268e+00
1000 3.172000e+00
10000 3.152400e+00
100000000 3.141325e+00
100000 3.133920e+00
100 2.720000e+00
100000000 3.141325e+00
1000 3.172000e+00
10000 3.152400e+00
100000000 3.141325e+00
1000000 3.141268e+00
100000 3.133920e+00
100 2.720000e+00
1000000 3.141268e+00
1000 3.172000e+00
10000 3.152400e+00
100000 3.133920e+00
100 3.240000e+00
1000 3.120000e+00
10000 3.140800e+00
1000000 3.141396e+00
100000 3.133720e+00
100 3.240000e+00
1000000 3.141396e+00
100000000 3.141509e+00
1000 3.120000e+00
10000 3.140800e+00
100000 3.133720e+00
100 3.240000e+00
1000 3.120000e+00
100000000 3.141509e+00
100000 3.133720e+00
10000 3.140800e+00
100000000 3.141509e+00
1000000 3.141396e+00
100 3.240000e+00
1000 3.120000e+00
10000 3.140800e+00
100000 3.133720e+00
100000000 3.141643e+00
1000000 3.142660e+00
100 2.920000e+00
1000 3.112000e+00
10000 3.176400e+00
100000 3.134680e+00
100 2.920000e+00
1000 3.112000e+00
10000 3.176400e+00
100000000 3.141643e+00
1000000 3.142660e+00
100000 3.134680e+00
100 2.920000e+00
1000 3.112000e+00
1000000 3.140060e+00
10000 3.176400e+00
100000 3.134680e+00
1000000 3.140060e+00
100 3.320000e+00
10000 3.148800e+00
1000 3.192000e+00
100000 3.143920e+00
100000000 3.141781e+00
100000000 3.141781e+00
100 3.320000e+00
1000 3.192000e+00
100000 3.143920e+00
100000000 3.141781e+00
10000 3.148800e+00
1000000 3.140060e+00
100 3.320000e+00
1000 3.192000e+00
1000000 3.140060e+00
10000 3.148800e+00
100000 3.143920e+00
1000000 3.140060e+00
1000 3.192000e+00
100000000 3.141691e+00
10000 3.156800e+00
100000 3.141920e+00
100 3.000000e+00
10000 3.156800e+00
100000 3.141920e+00
100000000 3.141691e+00
1000000 3.140060e+00
1000000 3.140060e+00
100 3.000000e+00
100000000 3.141691e+00
1000 3.204000e+00
100000 3.141920e+00
1000000 3.140060e+00
100000000 3.141781e+00
100 3.000000e+00
1000 3.204000e+00
10000 3.156800e+00
1000000 3.141020e+00
100000000 3.141875e+00
100 3.160000e+00
1000 3.176000e+00
10000 3.152800e+00
100000 3.144640e+00
100 3.160000e+00
1000000 3.141020e+00
10000 3.152800e+00
1000 3.176000e+00
100000 3.144640e+00
100000000 3.141875e+00
1000000 3.141020e+00
100 3.160000e+00
1000 3.176000e+00
100000 3.144640e+00
10000 3.152800e+00
100 3.160000e+00
1000 3.188000e+00
100000000 3.141812e+00
10000 3.143200e+00
100000000 3.141812e+00
100000 3.131960e+00
1000000 3.140132e+00
1000000 3.140132e+00
100 3.160000e+00
1000 3.188000e+00
10000 3.143200e+00
100000 3.131960e+00
100000000 3.141812e+00
100 3.160000e+00
100000000 3.141325e+00
1000 3.188000e+00
1000000 3.140132e+00
10000 3.143200e+00
100000 3.131960e+00
100000000 3.141812e+00
1000000 3.140132e+00
100000000 3.141627e+00
1000 3.188000e+00
10000 3.169600e+00
100000 3.148360e+00
100 3.160000e+00
10000 3.169600e+00
100000000 3.141627e+00
100000 3.148360e+00
100 3.160000e+00
1000 3.256000e+00
1000000 3.140256e+00
100000000 3.141627e+00
100000 3.148360e+00
100 3.160000e+00
1000 3.256000e+00
10000 3.169600e+00
100000000 3.141809e+00
1000000 3.140256e+00
100 3.160000e+00
1000 3.256000e+00
10000 3.123200e+00
1000000 3.139284e+00
100000 3.139560e+00
100000000 3.141809e+00
100 3.080000e+00
1000 3.184000e+00
10000 3.123200e+00
100000 3.139560e+00
1000000 3.139284e+00
100 3.080000e+00
1000 3.184000e+00
10000 3.123200e+00
100000 3.139560e+00
1000000 3.139284e+00
100000000 3.141809e+00
100000000 3.141581e+00
100 3.080000e+00
1000 3.184000e+00
10000 3.123200e+00
100000 3.139560e+00
1000000 3.142580e+00
100000000 3.141581e+00
100 3.160000e+00
1000 3.124000e+00
100000000 3.141643e+00
10000 3.135200e+00
100000 3.137040e+00
100 3.160000e+00
100000000 3.141581e+00
1000 3.124000e+00
1000000 3.142580e+00
1000000 3.142580e+00
10000 3.135200e+00
100000 3.137040e+00
100000000 3.141581e+00
100000000 3.141363e+00
1000000 3.142580e+00
100 3.160000e+00
1000 3.124000e+00
10000 3.135200e+00
100000 3.137040e+00
100 3.320000e+00
10000 3.150800e+00
1000 3.216000e+00
100000 3.134280e+00
100 3.320000e+00
1000 3.216000e+00
100000 3.134280e+00
10000 3.150800e+00
1000000 3.144020e+00
100000000 3.141691e+00
100000000 3.141363e+00
100000000 3.141363e+00
1000000 3.144020e+00
100 3.320000e+00
1000 3.216000e+00
10000 3.150800e+00
100000 3.134280e+00
100000000 3.141910e+00
100 3.320000e+00
1000 3.216000e+00
10000 3.150800e+00
100000 3.134280e+00
1000000 3.144020e+00
1000000 3.141844e+00
100 3.120000e+00
1000 3.076000e+00
10000 3.124400e+00
100000 3.140000e+00
100000000 3.141910e+00
100000000 3.141910e+00
1000000 3.141844e+00
100 3.120000e+00
1000 3.076000e+00
10000 3.124400e+00
100000 3.140000e+00
100 3.120000e+00
1000 3.076000e+00
10000 3.124400e+00
100000 3.140000e+00
100000000 3.141325e+00
1000000 3.143428e+00
1000000 3.141844e+00
100 2.880000e+00
1000 3.116000e+00
10000 3.112800e+00
100000000 3.141325e+00
100000 3.142120e+00
100 2.880000e+00
1000000 3.143428e+00
1000 3.116000e+00
10000 3.112800e+00
1000000 3.143428e+00
100000000 3.141792e+00
100000000 3.141792e+00
100 2.880000e+00
1000 3.116000e+00
100000 3.142120e+00
10000 3.112800e+00
100000 3.142120e+00
1000000 3.143428e+00
100 2.880000e+00
1000 3.116000e+00
10000 3.112800e+00
100000 3.142120e+00
100000000 3.141792e+00
1000000 3.141692e+00
100 3.120000e+00
1000 3.160000e+00
10000 3.148400e+00
100000 3.143680e+00
100000000 3.141792e+00
100 3.120000e+00
1000 3.160000e+00
10000 3.148400e+00
100000000 3.141325e+00
100000 3.143680e+00
1000000 3.141692e+00
1000000 3.141692e+00
100 3.120000e+00
1000 3.160000e+00
10000 3.148400e+00
100000 3.143680e+00
1000000 3.141580e+00
100000000 3.141510e+00
100000000 3.141510e+00
100 3.000000e+00
1000 3.144000e+00
10000 3.146800e+00
100000 3.135320e+00
1000000 3.141580e+00
100000000 3.141510e+00
100 3.000000e+00
1000 3.144000e+00
10000 3.146800e+00
100000 3.135320e+00
100 3.000000e+00
1000 3.144000e+00
10000 3.146800e+00
10000000 3.141323e+00
1000000 3.141580e+00
100000000 3.141818e+00
100000000 3.141818e+00
100000 3.135320e+00
100000000 3.141818e+00
1000000 3.141580e+00
10000000 3.141323e+00
100 3.000000e+00
1000 3.144000e+00
10000 3.146800e+00
1000000 3.141476e+00
100000 3.135320e+00
100 3.200000e+00
1000 3.140000e+00
10000 3.133600e+00
10000000 3.140983e+00
100000 3.144480e+00
10000000 3.140983e+00
1000000 3.141476e+00
100000000 3.141794e+00
100000000 3.141794e+00
100 3.200000e+00
1000 3.140000e+00
10000000 3.140983e+00
10000 3.133600e+00
100000 3.144480e+00
1000000 3.141476e+00
100 3.200000e+00
1000 3.140000e+00
10000 3.133600e+00
100000 3.144480e+00
1000000 3.142428e+00
100 3.200000e+00
1000 3.144000e+00
10000 3.149200e+00
100000 3.153440e+00
10000000 3.141709e+00
100000000 3.141510e+00
10000000 3.141709e+00
1000000 3.142428e+00
1000 3.144000e+00
10000 3.149200e+00
100000 3.153440e+00
100 3.080000e+00
100000000 3.141510e+00
10000000 3.141709e+00
1000000 3.142428e+00
100000000 3.141510e+00
100 3.080000e+00
100000000 3.141510e+00
10000 3.149200e+00
100000 3.153440e+00
1000 3.144000e+00
100 3.080000e+00
1000 3.144000e+00
100000 3.153440e+00
10000 3.149200e+00
1000000 3.139620e+00
100 2.920000e+00
1000 3.068000e+00
10000000 3.141921e+00
10000 3.133600e+00
100000000 3.141364e+00
1000000 3.139620e+00
100000 3.142080e+00
1000000 3.139620e+00
100 2.920000e+00
10000000 3.141921e+00
1000 3.068000e+00
10000 3.133600e+00
100000 3.142080e+00
100 2.920000e+00
1000000 3.139620e+00
10000000 3.141921e+00
10000 3.133600e+00
100000 3.142080e+00
1000 3.068000e+00
10000000 3.142406e+00
1000000 3.142544e+00
100 3.200000e+00
1000 3.136000e+00
100000 3.137960e+00
10000 3.129600e+00
1000000 3.142544e+00
100000000 3.141364e+00
100 3.200000e+00
10000000 3.142406e+00
1000 3.136000e+00
10000 3.129600e+00
100000 3.137960e+00
100 3.200000e+00
1000000 3.142544e+00
1000 3.136000e+00
10000 3.129600e+00
10000000 3.141523e+00
100000 3.137960e+00
100 3.200000e+00
1000000 3.142544e+00
1000 3.136000e+00
10000 3.129600e+00
100000 3.137960e+00
1000000 3.141176e+00
10000000 3.141523e+00
10000000 3.141523e+00
1000 3.144000e+00
100 3.240000e+00
10000 3.132800e+00
100000 3.144680e+00
100 3.240000e+00
1000000 3.141176e+00
10000 3.132800e+00
1000 3.144000e+00
1000000 3.141176e+00
100000 3.144680e+00
10000000 3.141523e+00
1000 3.144000e+00
10000000 3.141606e+00
10000 3.132800e+00
100000 3.144680e+00
10000 3.178400e+00
10000000 3.141606e+00
100000 3.138440e+00
1000000 3.142540e+00
1000000 3.142540e+00
100000 3.138440e+00
10000000 3.141606e+00
10000000 3.141606e+00
1000000 3.142540e+00
1000000 3.142540e+00
1000000 3.143268e+00
10000000 3.141996e+00
10000000 3.141996e+00
1000000 3.143268e+00
10000000 3.141489e+00
1000000 3.140688e+00
10000000 3.141996e+00
10000000 3.141489e+00
1000000 3.140688e+00
1000000 3.140688e+00
10000000 3.141489e+00
1000000 3.140688e+00
10000000 3.141300e+00
10000000 3.141300e+00
10000000 3.141300e+00
10000000 3.141187e+00
10000000 3.141187e+00
10000000 3.141187e+00
10000000 3.141198e+00
10000000 3.141198e+00
10000000 3.141198e+00
10000000 3.141198e+00
10000000 3.141680e+00
10000000 3.141680e+00
10000000 3.141680e+00
10000000 3.141680e+00
10000000 3.141200e+00
10000000 3.141200e+00
10000000 3.142344e+00
10000000 3.142344e+00
10000000 3.142344e+00
10000000 3.141904e+00
10000000 3.141904e+00
10000000 3.141904e+00
10000000 3.142023e+00
10000000 3.142023e+00
10000000 3.142023e+00
10000000 3.141426e+00
10000000 3.141426e+00
10000000 3.141426e+00
10000000 3.141988e+00
10000000 3.141988e+00
10000000 3.141988e+00
10000000 3.141201e+00
10000000 3.141201e+00
10000000 3.141201e+00
10000000 3.141201e+00
10000000 3.142170e+00
10000000 3.142170e+00
10000000 3.142170e+00
10000000 3.142170e+00
10000000 3.141732e+00
10000000 3.141732e+00
10000000 3.141732e+00
10000000 3.141308e+00
10000000 3.141308e+00
10000000 3.141308e+00
10000000 3.141308e+00
10000000 3.141911e+00
10000000 3.141911e+00
10000000 3.141911e+00
10000000 3.141139e+00
10000000 3.141139e+00
10000000 3.141139e+00
10000000 3.141971e+00
10000000 3.141971e+00
10000000 3.141971e+00
10000000 3.141971e+00
10000000 3.142944e+00
10000000 3.142944e+00
10000000 3.142944e+00
10000000 3.142944e+00
10000000 3.141716e+00
10000000 3.141716e+00
10000000 3.141475e+00
10000000 3.141475e+00
10000000 3.141475e+00
10000000 3.141475e+00
10000000 3.141118e+00
10000000 3.141118e+00
10000000 3.141118e+00
10000000 3.142516e+00
100000000 3.141677e+00
100 3.000000e+00
1000 3.224000e+00
10000 3.176800e+00
100000 3.151520e+00
1000000 3.142296e+00
10000000 3.141904e+00
10000000 3.141840e+00
100000000 3.141744e+00
100 2.800000e+00
1000 3.088000e+00
10000 3.150400e+00
100000 3.140360e+00
1000000 3.141168e+00
10000000 3.141474e+00
100000000 3.141903e+00
100000000 3.141554e+00
100000000 3.141554e+00
100000000 3.141554e+00
100 3.200000e+00
100 3.200000e+00
100000000 3.141557e+00
1000 3.140000e+00
100 2.920000e+00
1000 3.140000e+00
100 2.920000e+00
10000 3.126800e+00
1000 3.140000e+00
10000 3.126800e+00
100000000 3.141557e+00
1000 3.140000e+00
10000 3.126800e+00
100000 3.137520e+00
100000 3.137520e+00
100 2.920000e+00
100000000 3.141550e+00
100000000 3.141530e+00
10000 3.126800e+00
100000 3.137520e+00
1000 3.204000e+00
100000000 3.141530e+00
100000 3.144000e+00
100 3.200000e+00
10000 3.138800e+00
100000000 3.141557e+00
1000 3.204000e+00
100000 3.144000e+00
100000000 3.141550e+00
100 3.200000e+00
10000 3.151200e+00
100 3.320000e+00
1000 3.172000e+00
100000000 3.141550e+00
100 3.320000e+00
100000 3.143200e+00
1000 3.172000e+00
10000 3.151200e+00
100 3.320000e+00
1000 3.172000e+00
10000 3.151200e+00
100000 3.143200e+00
1000000 3.143392e+00
100000000 3.141833e+00
1000000 3.140256e+00
1000 3.132000e+00
10000 3.153600e+00
100 3.240000e+00
100000 3.143280e+00
10000 3.153600e+00
100 3.240000e+00
1000000 3.143392e+00
100000 3.143280e+00
1000 3.132000e+00
1000000 3.143392e+00
100000000 3.141406e+00
100000 3.143280e+00
1000 3.132000e+00
10000 3.153600e+00
100000000 3.141406e+00
100 3.240000e+00
10000 3.119600e+00
100000 3.136520e+00
1000000 3.140732e+00
1000 3.136000e+00
100000000 3.141406e+00
100000 3.136520e+00
100000000 3.141406e+00
100000000 3.141554e+00
10000 3.119600e+00
100 3.440000e+00
100000000 3.141406e+00
100000 3.136520e+00
1000000 3.140732e+00
100 3.400000e+00
1000 3.224000e+00
100000000 3.141521e+00
1000000 3.139372e+00
100000000 3.141521e+00
100 3.400000e+00
1000 3.224000e+00
10000 3.147200e+00
1000000 3.139372e+00
100 3.400000e+00
1000 3.224000e+00
10000 3.147200e+00
100000 3.142840e+00
1000000 3.139372e+00
100000000 3.141768e+00
100 3.400000e+00
1000 3.224000e+00
10000 3.147200e+00
1000000 3.138600e+00
100000 3.142840e+00
100000000 3.141768e+00
100000000 3.141768e+00
1000 3.080000e+00
10000 3.115600e+00
100 3.000000e+00
100000000 3.141730e+00
100000 3.127920e+00
100 3.000000e+00
1000000 3.138600e+00
10000 3.115600e+00
100000000 3.141730e+00
1000000 3.138600e+00
1000 3.080000e+00
1000 3.080000e+00
100000 3.127920e+00
100000 3.127920e+00
100 3.000000e+00
10000 3.115600e+00
100 3.160000e+00
1000000 3.140280e+00
10000 3.161600e+00
1000 3.144000e+00
100000 3.145280e+00
100000000 3.141730e+00
100000000 3.141730e+00
100 3.160000e+00
1000 3.144000e+00
100000 3.145280e+00
10000 3.161600e+00
1000 3.144000e+00
10000 3.161600e+00
100 3.160000e+00
100000 3.145280e+00
100 3.160000e+00
100000000 3.141665e+00
10000 3.148400e+00
1000000 3.141612e+00
100000 3.140440e+00
100000000 3.141665e+00
1000 3.196000e+00
100000000 3.141833e+00
100 3.320000e+00
1000 3.196000e+00
100000 3.140440e+00
100000000 3.141544e+00
10000 3.148400e+00
1000000 3.141612e+00
100 3.320000e+00
1000 3.196000e+00
10000 3.148400e+00
100000000 3.141544e+00
100000 3.140440e+00
100000000 3.141544e+00
1000 3.196000e+00
1000000 3.141612e+00
10000 3.148400e+00
100000 3.140440e+00
100 3.320000e+00
100 3.400000e+00
10000 3.184800e+00
100000 3.140640e+00
100000000 3.141296e+00
1000000 3.140012e+00
1000000 3.140012e+00
1000 3.172000e+00
100000000 3.141296e+00
1000000 3.140012e+00
100 3.400000e+00
1000 3.172000e+00
100000 3.140640e+00
10000 3.184800e+00
100000000 3.141550e+00
1000000 3.140012e+00
100 3.400000e+00
1000 3.172000e+00
10000 3.184800e+00
100000 3.140640e+00
100 3.400000e+00
1000 3.064000e+00
10000 3.104000e+00
100000 3.130640e+00
1000000 3.142348e+00
100000000 3.141649e+00
100000000 3.141296e+00
1000000 3.142348e+00
100 2.840000e+00
1000 3.064000e+00
10000 3.104000e+00
100000 3.130640e+00
100000000 3.141649e+00
100000000 3.141649e+00
100 2.840000e+00
1000000 3.142348e+00
1000 3.064000e+00
10000 3.104000e+00
100000 3.130640e+00
1000000 3.142752e+00
100 2.840000e+00
1000 3.064000e+00
10000 3.104000e+00
100000 3.130640e+00
100000000 3.141649e+00
100000000 3.141649e+00
1000000 3.142752e+00
100 3.080000e+00
1000 3.088000e+00
10000 3.114800e+00
100000 3.136560e+00
1000000 3.142752e+00
100 3.080000e+00
1000 3.088000e+00
10000 3.114800e+00
100000 3.136560e+00
100000000 3.141496e+00
100 3.080000e+00
1000 3.088000e+00
10000 3.114800e+00
100000 3.136560e+00
1000000 3.142752e+00
1000000 3.137700e+00
100 3.080000e+00
1000 3.124000e+00
10000 3.157200e+00
100000 3.143920e+00
1000000 3.137700e+00
1000 3.124000e+00
10000 3.157200e+00
100000 3.143920e+00
100 3.160000e+00
100000000 3.141633e+00
1000000 3.137700e+00
10000 3.157200e+00
100000 3.143920e+00
100 3.160000e+00
1000 3.124000e+00
1000000 3.137700e+00
100 3.160000e+00
100000000 3.141633e+00
1000 3.088000e+00
10000 3.146000e+00
100000000 3.141496e+00
100000 3.143920e+00
100 3.160000e+00
1000 3.088000e+00
1000000 3.142828e+00
100000000 3.141641e+00
1000000 3.142828e+00
10000 3.146000e+00
100000 3.132880e+00
100000000 3.141641e+00
100 3.160000e+00
1000 3.088000e+00
10000 3.146000e+00
1000000 3.142828e+00
100000 3.132880e+00
100 3.160000e+00
1000 3.088000e+00
10000 3.146000e+00
100000 3.132880e+00
100000000 3.141641e+00
100000000 3.141415e+00
1000000 3.142576e+00
100 2.960000e+00
1000 3.128000e+00
10000 3.126800e+00
100000 3.140160e+00
100 2.960000e+00
1000 3.128000e+00
100000000 3.141415e+00
10000 3.126800e+00
100000 3.140160e+00
1000000 3.142576e+00
100000000 3.141415e+00
100 2.960000e+00
1000 3.128000e+00
1000000 3.142576e+00
10000 3.126800e+00
100000 3.140160e+00
1000000 3.142576e+00
100000000 3.141861e+00
100 2.960000e+00
1000 3.128000e+00
10000 3.126800e+00
100000 3.148320e+00
100 3.360000e+00
1000 3.168000e+00
10000 3.124400e+00
100000 3.148320e+00
1000000 3.141008e+00
1000000 3.141008e+00
100 3.360000e+00
1000 3.168000e+00
10000 3.124400e+00
100000 3.148320e+00
100000000 3.141861e+00
100 3.360000e+00
1000 3.168000e+00
10000 3.124400e+00
100000 3.148320e+00
1000000 3.141008e+00
100 2.920000e+00
1000 3.040000e+00
100000000 3.141638e+00
10000 3.122400e+00
100000 3.144640e+00
1000000 3.141380e+00
100 2.920000e+00
1000 3.040000e+00
10000 3.122400e+00
1000000 3.141380e+00
100000 3.144640e+00
100000000 3.141638e+00
1000000 3.141380e+00
100000000 3.141861e+00
100000000 3.141638e+00
10000 3.122400e+00
1000 3.040000e+00
100000 3.144640e+00
100 2.920000e+00
1000000 3.146064e+00
10000 3.129200e+00
100000 3.145040e+00
100000000 3.141714e+00
100 2.920000e+00
1000 3.088000e+00
100000 3.145040e+00
100000000 3.141714e+00
1000000 3.146064e+00
100000000 3.141714e+00
1000 3.088000e+00
1000000 3.146064e+00
10000 3.129200e+00
100 2.920000e+00
10000 3.129200e+00
100000 3.145040e+00
1000000 3.146064e+00
100 2.920000e+00
1000 3.088000e+00
100 3.320000e+00
1000 3.208000e+00
1000000 3.142084e+00
10000 3.121600e+00
100000000 3.141638e+00
100000 3.133680e+00
100000000 3.141934e+00
100 3.320000e+00
1000000 3.142084e+00
1000 3.208000e+00
100000000 3.141934e+00
10000 3.121600e+00
100000 3.133680e+00
100000000 3.141934e+00
100000000 3.141910e+00
100 3.320000e+00
1000 3.208000e+00
10000 3.121600e+00
100000 3.133680e+00
1000000 3.141124e+00
1000000 3.142084e+00
1000 3.172000e+00
100 3.080000e+00
10000 3.129200e+00
100000 3.156640e+00
100000000 3.141910e+00
1000000 3.141124e+00
10000 3.129200e+00
1000 3.172000e+00
100000 3.156640e+00
100000000 3.141910e+00
100 3.080000e+00
1000000 3.141124e+00
100 3.080000e+00
100000 3.156640e+00
10000 3.129200e+00
1000 3.172000e+00
100 3.080000e+00
1000 3.172000e+00
100000 3.142960e+00
100000000 3.141699e+00
1000000 3.138956e+00
10000 3.119600e+00
100 3.400000e+00
1000 3.132000e+00
10000 3.119600e+00
100000 3.142960e+00
100000000 3.141699e+00
100 3.400000e+00
1000000 3.138956e+00
100000000 3.141910e+00
1000 3.132000e+00
10000 3.119600e+00
100000 3.142960e+00
100 3.400000e+00
1000 3.132000e+00
10000 3.119600e+00
100000000 3.141294e+00
100000 3.142960e+00
100000000 3.141294e+00
1000000 3.138956e+00
100 2.880000e+00
1000 3.104000e+00
10000 3.149600e+00
100000 3.141360e+00
1000000 3.145432e+00
100000000 3.141294e+00
1000 3.104000e+00
1000000 3.145432e+00
10000 3.149600e+00
100 2.880000e+00
100000000 3.141294e+00
100000 3.141360e+00
100 2.880000e+00
100000000 3.141557e+00
10000 3.149600e+00
100000 3.141360e+00
1000 3.104000e+00
1000000 3.145432e+00
100 3.240000e+00
1000000 3.145432e+00
1000 3.100000e+00
100000 3.143120e+00
10000 3.120400e+00
1000000 3.142144e+00
100 3.240000e+00
1000 3.100000e+00
10000 3.120400e+00
100000 3.143120e+00
100000000 3.141694e+00
100 3.240000e+00
100000000 3.141557e+00
1000 3.100000e+00
10000 3.120400e+00
1000000 3.142144e+00
100000 3.143120e+00
100000000 3.141694e+00
100000000 3.141557e+00
1000000 3.142144e+00
100 3.240000e+00
1000 3.100000e+00
10000 3.120400e+00
100000 3.143120e+00
1000000 3.139212e+00
100 3.240000e+00
1000 3.200000e+00
10000 3.136400e+00
100000 3.137240e+00
1000000 3.139212e+00
100 3.240000e+00
100000000 3.141694e+00
1000 3.200000e+00
10000 3.136400e+00
100000 3.137240e+00
100000000 3.141643e+00
100 3.240000e+00
1000 3.200000e+00
10000 3.136400e+00
100000 3.137240e+00
1000000 3.142088e+00
1000000 3.139212e+00
100000000 3.141643e+00
100 3.040000e+00
1000 3.008000e+00
10000 3.100800e+00
100000 3.134120e+00
10000000 3.140461e+00
100000000 3.141643e+00
10000000 3.140461e+00
100 3.040000e+00
1000 3.008000e+00
10000 3.100800e+00
100000 3.134120e+00
1000000 3.142088e+00
10000000 3.140461e+00
1000000 3.142088e+00
100 3.040000e+00
1000 3.008000e+00
100000000 3.141701e+00
10000 3.100800e+00
100000 3.134120e+00
10000000 3.140461e+00
1000000 3.142088e+00
100 3.040000e+00
1000 3.008000e+00
10000 3.100800e+00
100000 3.154800e+00
100000000 3.141701e+00
100000000 3.141701e+00
1000 3.136000e+00
1000000 3.138696e+00
10000 3.140800e+00
100000 3.154800e+00
100 3.000000e+00
10000000 3.141806e+00
100000000 3.141701e+00
100 3.000000e+00
1000000 3.138696e+00
10000 3.140800e+00
100000 3.154800e+00
1000 3.136000e+00
100 3.000000e+00
1000 3.136000e+00
1000000 3.140144e+00
100000 3.154800e+00
100000000 3.141583e+00
10000 3.140800e+00
1000000 3.138696e+00
100 3.280000e+00
1000 3.168000e+00
100000000 3.141583e+00
10000 3.134400e+00
100000000 3.141583e+00
10000000 3.141458e+00
100000 3.133080e+00
1000000 3.140144e+00
10000000 3.141458e+00
100 3.280000e+00
1000 3.168000e+00
10000 3.134400e+00
100000 3.133080e+00
1000000 3.140144e+00
10000000 3.141458e+00
100 3.280000e+00
1000 3.168000e+00
10000 3.134400e+00
100000 3.133080e+00
100000000 3.141692e+00
1000000 3.139832e+00
10000000 3.141120e+00
100 3.280000e+00
1000 3.168000e+00
10000 3.153200e+00
100000 3.137840e+00
100000000 3.141692e+00
1000000 3.139832e+00
100 3.320000e+00
10000000 3.141120e+00
1000 3.204000e+00
10000 3.153200e+00
100000 3.137840e+00
100000000 3.141400e+00
1000 3.204000e+00
10000000 3.141120e+00
10000 3.153200e+00
100000 3.137840e+00
100 3.320000e+00
1000000 3.139832e+00
10000000 3.141120e+00
1000000 3.139832e+00
100 3.320000e+00
10000 3.153200e+00
100000 3.137840e+00
1000 3.204000e+00
100 3.320000e+00
1000 3.180000e+00
100000 3.133120e+00
10000000 3.141596e+00
10000 3.129200e+00
1000000 3.141684e+00
100 3.320000e+00
1000000 3.141684e+00
1000 3.180000e+00
10000 3.129200e+00
100000 3.133120e+00
1000 3.180000e+00
1000000 3.141684e+00
10000 3.129200e+00
100 3.320000e+00
100000 3.133120e+00
100000000 3.141400e+00
10000 3.127600e+00
1000000 3.142016e+00
100000 3.140120e+00
1000 3.076000e+00
10000000 3.141910e+00
100000000 3.141400e+00
100000 3.140120e+00
1000000 3.142016e+00
10000 3.127600e+00
10000000 3.141910e+00
1000000 3.142016e+00
100000 3.140120e+00
10000000 3.141856e+00
1000000 3.142016e+00
100 3.320000e+00
1000000 3.142872e+00
1000 3.232000e+00
100 3.320000e+00
1000000 3.142872e+00
10000000 3.141856e+00
10000000 3.141856e+00
10000000 3.141856e+00
10000 3.152400e+00
1000 3.232000e+00
1000000 3.142872e+00
100000 3.150320e+00
10000 3.166800e+00
1000000 3.143104e+00
1000000 3.143104e+00
10000000 3.141415e+00
10000000 3.141415e+00
100000 3.150320e+00
1000000 3.143104e+00
10000000 3.141415e+00
1000000 3.142448e+00
10000000 3.141804e+00
10000000 3.141804e+00
10000000 3.141804e+00
10000000 3.141570e+00
10000000 3.141570e+00
1000000 3.141288e+00
10000000 3.141570e+00
1000000 3.141288e+00
10000000 3.141570e+00
10000000 3.141856e+00
10000000 3.141193e+00
10000000 3.141193e+00
10000000 3.141193e+00
10000000 3.141193e+00
10000000 3.141311e+00
10000000 3.141311e+00
10000000 3.142711e+00
10000000 3.142711e+00
10000000 3.142711e+00
10000000 3.142711e+00
10000000 3.141527e+00
10000000 3.141527e+00
10000000 3.141527e+00
10000000 3.141527e+00
10000000 3.142423e+00
10000000 3.142423e+00
10000000 3.142423e+00
10000000 3.140450e+00
10000000 3.140450e+00
10000000 3.141686e+00
10000000 3.140450e+00
10000000 3.141686e+00
10000000 3.141686e+00
10000000 3.141686e+00
10000000 3.141440e+00
10000000 3.141440e+00
10000000 3.141809e+00
10000000 3.141809e+00
10000000 3.141809e+00
10000000 3.142568e+00
10000000 3.142568e+00
10000000 3.142568e+00
10000000 3.142568e+00
10000000 3.140942e+00
10000000 3.140942e+00
10000000 3.140942e+00
10000000 3.141859e+00
10000000 3.141859e+00
10000000 3.141859e+00
10000000 3.141859e+00
10000000 3.142023e+00
10000000 3.142023e+00
100000000 3.142021e+00
10000000 3.142023e+00
10000000 3.141348e+00
10000000 3.141348e+00
100 3.240000e+00
10000000 3.141348e+00
10000000 3.141348e+00
1000 3.100000e+00
10000000 3.142088e+00
10000 3.111600e+00
10000000 3.142088e+00
100000 3.138760e+00
10000000 3.142088e+00
10000000 3.142098e+00
10000000 3.142098e+00
10000000 3.141819e+00
10000000 3.142098e+00
10000000 3.141819e+00
10000000 3.141819e+00
1000000 3.141784e+00
10000000 3.141819e+00
10000000 3.142006e+00
10000000 3.142006e+00
10000000 3.142006e+00
10000000 3.141120e+00
10000000 3.141120e+00
10000000 3.141120e+00
10000000 3.141908e+00
10000000 3.141908e+00
10000000 3.141785e+00
10000000 3.142473e+00
100000000 3.141440e+00
100 2.840000e+00
1000 3.032000e+00
10000 3.109200e+00
100000 3.141760e+00
1000000 3.139712e+00
10000000 3.141828e+00
10000000 3.141255e+00
100000000 3.141903e+00
100 3.120000e+00
1000 3.248000e+00
10000 3.136400e+00
100000 3.142600e+00
1000000 3.141068e+00
10000000 3.142020e+00
100000000 3.141421e+00
100000000 3.141421e+00
100000000 3.141421e+00
100 3.320000e+00
100000000 3.141781e+00
100 3.520000e+00
1000 3.284000e+00
1000 3.284000e+00
100 3.520000e+00
10000 3.164800e+00
10000 3.164800e+00
1000 3.284000e+00
100000 3.135080e+00
100000000 3.141259e+00
100000 3.145560e+00
100 3.000000e+00
10000 3.142800e+00
100000000 3.141259e+00
100000000 3.141781e+00
1000 3.120000e+00
100000000 3.141259e+00
100000000 3.141865e+00
100000 3.145560e+00
10000 3.142800e+00
100000 3.133480e+00
100 3.280000e+00
100000000 3.141865e+00
100000000 3.141865e+00
100000000 3.141865e+00
100 3.280000e+00
1000 3.136000e+00
100 3.280000e+00
1000 3.136000e+00
10000 3.119200e+00
100 3.160000e+00
1000 3.148000e+00
10000 3.146400e+00
100000000 3.141871e+00
100000 3.143000e+00
100 3.160000e+00
1000000 3.144408e+00
1000 3.148000e+00
1000000 3.144408e+00
10000 3.146400e+00
100000 3.143000e+00
100 3.160000e+00
1000 3.148000e+00
10000 3.146400e+00
100000 3.143000e+00
100 3.160000e+00
1000000 3.141160e+00
1000 3.148000e+00
10000 3.146400e+00
100000 3.143000e+00
100000000 3.141530e+00
100 3.000000e+00
1000 3.120000e+00
10000 3.123200e+00
100000 3.147080e+00
100000000 3.141530e+00
100 3.000000e+00
1000 3.120000e+00
1000000 3.141160e+00
10000 3.123200e+00
100000 3.147080e+00
100000000 3.141537e+00
1000 3.120000e+00
10000 3.123200e+00
100000 3.147080e+00
100000 3.136280e+00
100 2.920000e+00
10000 3.135200e+00
100000000 3.141537e+00
100000000 3.141343e+00
100 2.920000e+00
1000 3.152000e+00
100000 3.136280e+00
1000000 3.142564e+00
100000000 3.141537e+00
1000000 3.142564e+00
1000 3.152000e+00
100 2.920000e+00
10000 3.135200e+00
1000000 3.140304e+00
10000 3.142000e+00
1000 3.168000e+00
100000 3.148040e+00
100 3.200000e+00
100000 3.148040e+00
100000000 3.141343e+00
1000000 3.140304e+00
10000 3.142000e+00
1000000 3.140304e+00
100 3.200000e+00
1000 3.168000e+00
1000000 3.140304e+00
100000 3.148040e+00
100000000 3.141753e+00
100 3.200000e+00
1000 3.160000e+00
10000 3.143200e+00
1000000 3.140828e+00
1000 3.160000e+00
10000 3.143200e+00
100000 3.138520e+00
100000000 3.141753e+00
100000000 3.141753e+00
100 3.080000e+00
1000000 3.140828e+00
10000 3.143200e+00
100000 3.138520e+00
1000 3.160000e+00
1000000 3.140828e+00
100 3.080000e+00
100000000 3.141412e+00
100000000 3.141412e+00
10000 3.123200e+00
100000 3.138520e+00
1000 3.096000e+00
1000000 3.141492e+00
100000 3.144240e+00
100 2.960000e+00
100000000 3.141412e+00
10000 3.123200e+00
100 2.960000e+00
1000 3.096000e+00
1000000 3.141492e+00
100000 3.144240e+00
100000000 3.141846e+00
1000000 3.142384e+00
100 2.960000e+00
1000 3.196000e+00
100000000 3.141846e+00
10000 3.124800e+00
1000 3.196000e+00
10000 3.124800e+00
100 3.320000e+00
100000000 3.141694e+00
100000 3.139160e+00
100000000 3.141694e+00
100 3.320000e+00
10000 3.124800e+00
100000 3.139160e+00
1000 3.196000e+00
100000000 3.141694e+00
1000000 3.142384e+00
100000000 3.141694e+00
1000000 3.142384e+00
100000000 3.141694e+00
1000 3.196000e+00
100 3.320000e+00
100000 3.139160e+00
10000 3.141200e+00
10000 3.141200e+00
100 3.120000e+00
1000 3.132000e+00
100000 3.138640e+00
100000000 3.141343e+00
1000000 3.141684e+00
100000 3.138640e+00
1000 3.132000e+00
10000 3.141200e+00
100 3.120000e+00
1000000 3.141684e+00
100000000 3.141752e+00
100 3.120000e+00
10000 3.141200e+00
1000 3.132000e+00
100000 3.138640e+00
100000000 3.141752e+00
1000000 3.142204e+00
100 3.080000e+00
100000000 3.141752e+00
1000 3.100000e+00
100000 3.139960e+00
10000 3.145600e+00
100 3.080000e+00
1000 3.100000e+00
10000 3.145600e+00
100000 3.139960e+00
100 3.080000e+00
1000 3.100000e+00
100000000 3.141701e+00
10000 3.145600e+00
1000000 3.143352e+00
100000000 3.141701e+00
100000 3.139960e+00
1000000 3.142204e+00
100 2.960000e+00
1000 3.152000e+00
10000 3.146800e+00
100000 3.141800e+00
100000000 3.141749e+00
100 2.960000e+00
1000 3.152000e+00
10000 3.146800e+00
100000 3.141800e+00
1000000 3.143352e+00
100000000 3.141749e+00
100 2.960000e+00
1000 3.152000e+00
1000000 3.143352e+00
10000 3.146800e+00
100000 3.141800e+00
1000000 3.143352e+00
100 2.960000e+00
100000000 3.141749e+00
1000 3.152000e+00
100000000 3.141749e+00
10000 3.146800e+00
100000 3.141800e+00
1000000 3.139804e+00
100000000 3.141749e+00
100 3.120000e+00
1000 3.168000e+00
10000 3.143600e+00
1000000 3.139804e+00
100 3.120000e+00
1000 3.168000e+00
10000 3.143600e+00
100000 3.148960e+00
100000 3.148960e+00
100000000 3.141431e+00
100000000 3.141431e+00
100 3.120000e+00
1000000 3.139804e+00
1000 3.168000e+00
10000 3.143600e+00
100000 3.148960e+00
100000000 3.141431e+00
1000000 3.142692e+00
100 2.960000e+00
1000 3.164000e+00
10000 3.133600e+00
100000 3.145200e+00
100000000 3.141335e+00
100 2.960000e+00
1000 3.164000e+00
1000000 3.142692e+00
10000 3.133600e+00
100000 3.145200e+00
1000000 3.142692e+00
100 2.960000e+00
1000 3.164000e+00
10000 3.133600e+00
100000 3.145200e+00
1000000 3.142628e+00
100000000 3.141335e+00
100 2.960000e+00
1000 3.164000e+00
10000 3.122000e+00
100000 3.137400e+00
100000000 3.141335e+00
100000000 3.141335e+00
100000000 3.141571e+00
100 3.200000e+00
1000000 3.142628e+00
1000 3.184000e+00
10000 3.122000e+00
100000 3.137400e+00
100 3.200000e+00
1000 3.184000e+00
10000 3.122000e+00
100000 3.137400e+00
1000000 3.142628e+00
100 3.200000e+00
1000 3.184000e+00
10000 3.122000e+00
100000 3.137400e+00
100000000 3.141571e+00
1000000 3.142628e+00
1000000 3.141852e+00
100 3.000000e+00
1000 3.088000e+00
10000 3.126400e+00
100000 3.144840e+00
100000000 3.141607e+00
1000000 3.141852e+00
100 3.000000e+00
1000 3.088000e+00
10000 3.126400e+00
100000 3.144840e+00
100000000 3.141607e+00
100 3.000000e+00
1000 3.088000e+00
10000 3.126400e+00
100000 3.144840e+00
1000000 3.141852e+00
1000000 3.139932e+00
100 3.000000e+00
1000 3.088000e+00
10000 3.126400e+00
100000 3.147480e+00
1000000 3.139932e+00
100000000 3.141455e+00
100 3.080000e+00
1000 3.104000e+00
10000 3.138400e+00
100000 3.147480e+00
1000000 3.139932e+00
100 3.080000e+00
100000000 3.141455e+00
1000 3.104000e+00
10000 3.138400e+00
100000 3.147480e+00
100000000 3.141430e+00
1000000 3.139932e+00
100 3.080000e+00
1000 3.104000e+00
10000 3.138400e+00
100000000 3.141455e+00
100000 3.147480e+00
100 3.240000e+00
1000 3.212000e+00
10000 3.140000e+00
100000 3.138520e+00
100000000 3.141430e+00
1000000 3.140936e+00
1000000 3.140936e+00
100 3.240000e+00
1000 3.212000e+00
10000 3.140000e+00
100000 3.138520e+00
1000000 3.140936e+00
100 3.240000e+00
1000 3.212000e+00
10000 3.140000e+00
100000 3.138520e+00
100 3.240000e+00
1000 3.212000e+00
1000000 3.140276e+00
10000 3.169600e+00
100000000 3.141933e+00
100000 3.147120e+00
1000000 3.140276e+00
100 3.120000e+00
1000 3.196000e+00
100000000 3.141933e+00
10000 3.169600e+00
100000 3.147120e+00
100000000 3.141933e+00
100000000 3.141430e+00
1000 3.196000e+00
10000 3.169600e+00
1000000 3.140276e+00
100000 3.147120e+00
100 3.120000e+00
100000000 3.141753e+00
100000000 3.141895e+00
1000000 3.140276e+00
10000 3.169600e+00
100000 3.147120e+00
1000 3.168000e+00
100000000 3.141430e+00
100 3.240000e+00
1000000 3.143076e+00
100000 3.127320e+00
1000000 3.143076e+00
10000 3.141200e+00
100 3.240000e+00
1000 3.168000e+00
100000 3.127320e+00
1000000 3.143076e+00
100000000 3.141895e+00
100 3.240000e+00
1000 3.168000e+00
10000 3.141200e+00
100000000 3.141528e+00
100000000 3.141895e+00
100 3.040000e+00
1000 3.096000e+00
10000 3.095600e+00
100000 3.136840e+00
1000000 3.141600e+00
100000000 3.141528e+00
100 3.040000e+00
1000 3.096000e+00
10000 3.095600e+00
1000000 3.141600e+00
100000 3.136840e+00
100000000 3.141895e+00
100000000 3.141528e+00
1000000 3.141600e+00
100 3.040000e+00
1000 3.096000e+00
10000 3.095600e+00
1000000 3.141884e+00
100000 3.136840e+00
100 3.040000e+00
1000 3.096000e+00
10000 3.095600e+00
100000 3.136840e+00
100000000 3.141805e+00
1000000 3.141884e+00
100 3.240000e+00
1000 3.136000e+00
10000 3.157600e+00
100000 3.143800e+00
1000000 3.141884e+00
100 3.240000e+00
1000 3.136000e+00
100000000 3.141805e+00
10000 3.157600e+00
100000000 3.141805e+00
100000 3.143800e+00
100000000 3.141512e+00
1000 3.136000e+00
10000 3.157600e+00
100000 3.143800e+00
100 3.240000e+00
100000000 3.141805e+00
1000000 3.141884e+00
100 2.960000e+00
10000 3.136800e+00
100000 3.137720e+00
100000000 3.141512e+00
1000 3.096000e+00
1000000 3.142212e+00
100 2.960000e+00
1000 3.096000e+00
100000 3.137720e+00
10000 3.136800e+00
1000000 3.142212e+00
100000000 3.141718e+00
100 2.960000e+00
1000 3.096000e+00
10000 3.136800e+00
100000 3.137720e+00
100000000 3.141718e+00
100 2.960000e+00
1000 3.096000e+00
10000 3.136800e+00
100000 3.133080e+00
1000000 3.140352e+00
100 3.160000e+00
1000 3.220000e+00
1000000 3.140352e+00
10000 3.137200e+00
100000 3.133080e+00
100000000 3.141718e+00
10000000 3.141908e+00
1000000 3.140352e+00
100000000 3.141732e+00
100 3.160000e+00
1000 3.220000e+00
10000 3.137200e+00
100000 3.133080e+00
100000000 3.141732e+00
10000000 3.141908e+00
1000000 3.140352e+00
100 3.160000e+00
1000 3.220000e+00
10000 3.137200e+00
100000 3.133080e+00
1000000 3.140460e+00
100 3.120000e+00
1000 3.132000e+00
10000 3.151600e+00
100000 3.138600e+00
10000000 3.141950e+00
100 3.120000e+00
1000 3.132000e+00
1000000 3.140460e+00
10000 3.151600e+00
100000 3.138600e+00
10000000 3.141950e+00
1000000 3.140460e+00
100 3.120000e+00
100000000 3.141732e+00
1000 3.132000e+00
10000 3.151600e+00
100000 3.138600e+00
100000000 3.141588e+00
1000000 3.138908e+00
100 3.120000e+00
1000 3.132000e+00
10000 3.114000e+00
100000000 3.141588e+00
1000000 3.138908e+00
100000 3.132000e+00
100 2.920000e+00
1000 3.100000e+00
10000 3.114000e+00
100000 3.132000e+00
100000000 3.141732e+00
1000 3.100000e+00
100000000 3.141588e+00
10000 3.114000e+00
100000 3.132000e+00
100000000 3.141588e+00
100 2.920000e+00
10000000 3.141100e+00
1000000 3.138908e+00
100 2.920000e+00
1000000 3.138908e+00
10000 3.114000e+00
10000000 3.141830e+00
100000 3.132000e+00
100000000 3.141692e+00
10000000 3.141830e+00
1000 3.100000e+00
1000000 3.141772e+00
100 2.920000e+00
1000 3.124000e+00
100000 3.143520e+00
100000000 3.141692e+00
10000 3.142400e+00
100 2.920000e+00
1000 3.124000e+00
10000 3.142400e+00
10000000 3.141830e+00
100000000 3.141649e+00
1000000 3.141772e+00
10000000 3.141830e+00
100000 3.143520e+00
100000000 3.141649e+00
100 2.920000e+00
1000 3.124000e+00
10000 3.142400e+00
100000 3.143520e+00
1000000 3.141772e+00
10000000 3.142238e+00
100 2.920000e+00
1000 3.124000e+00
1000000 3.138948e+00
10000 3.128400e+00
100000 3.149520e+00
100000000 3.141649e+00
100 3.200000e+00
10000000 3.142238e+00
10000 3.128400e+00
1000 3.184000e+00
100000 3.149520e+00
1000000 3.138948e+00
1000000 3.138948e+00
100 3.200000e+00
1000 3.184000e+00
100000 3.149520e+00
10000 3.128400e+00
10000000 3.141892e+00
1000000 3.138948e+00
10000000 3.142238e+00
1000 3.184000e+00
100 3.200000e+00
10000 3.128400e+00
100000 3.149520e+00
100 3.040000e+00
10000 3.130000e+00
1000 3.168000e+00
1000000 3.143788e+00
10000000 3.141892e+00
100000 3.147240e+00
100 3.040000e+00
1000 3.168000e+00
1000000 3.143788e+00
100000 3.147240e+00
10000 3.130000e+00
100000000 3.141617e+00
100 3.040000e+00
1000 3.168000e+00
10000 3.130000e+00
1000000 3.143788e+00
100000 3.147240e+00
10000000 3.142104e+00
1000000 3.143932e+00
100 3.080000e+00
10000000 3.142104e+00
1000 3.140000e+00
100000 3.140920e+00
10000 3.121600e+00
1000000 3.143932e+00
1000 3.140000e+00
10000 3.121600e+00
100000 3.140920e+00
100000000 3.141617e+00
100 3.080000e+00
1000000 3.143932e+00
10000000 3.142218e+00
10000 3.121600e+00
100000 3.140920e+00
10000000 3.142218e+00
1000 3.140000e+00
100000 3.146680e+00
1000000 3.143932e+00
10000 3.130000e+00
1000000 3.142052e+00
100000 3.146680e+00
100 3.120000e+00
10000000 3.141812e+00
10000000 3.142218e+00
1000 3.132000e+00
1000000 3.142052e+00
1000000 3.142052e+00
1000000 3.140068e+00
10000 3.152800e+00
1000000 3.140068e+00
10000000 3.141812e+00
100000 3.143320e+00
10000000 3.141965e+00
10000000 3.141965e+00
1000000 3.140068e+00
1000000 3.143716e+00
1000000 3.143716e+00
10000000 3.141965e+00
10000000 3.141965e+00
10000000 3.141050e+00
1000000 3.143716e+00
10000000 3.141050e+00
10000000 3.141050e+00
1000000 3.142820e+00
10000000 3.141134e+00
10000000 3.141134e+00
10000000 3.141134e+00
10000000 3.141134e+00
10000000 3.140938e+00
10000000 3.140938e+00
10000000 3.140952e+00
10000000 3.140952e+00
10000000 3.140952e+00
10000000 3.140937e+00
10000000 3.140952e+00
10000000 3.140937e+00
10000000 3.140937e+00
10000000 3.140937e+00
10000000 3.141889e+00
10000000 3.141889e+00
10000000 3.141889e+00
10000000 3.141889e+00
10000000 3.143136e+00
10000000 3.143136e+00
10000000 3.141635e+00
10000000 3.141635e+00
10000000 3.141635e+00
10000000 3.141635e+00
10000000 3.141383e+00
10000000 3.141383e+00
10000000 3.141383e+00
10000000 3.141383e+00
10000000 3.142098e+00
10000000 3.142098e+00
10000000 3.142098e+00
10000000 3.142038e+00
10000000 3.142038e+00
10000000 3.142038e+00
10000000 3.141506e+00
10000000 3.141506e+00
10000000 3.141506e+00
10000000 3.141148e+00
10000000 3.141148e+00
10000000 3.141148e+00
100000000 3.141672e+00
10000000 3.141148e+00
10000000 3.140946e+00
10000000 3.140946e+00
100 3.160000e+00
10000000 3.141842e+00
10000000 3.141842e+00
1000 3.220000e+00
10000000 3.141842e+00
10000 3.151200e+00
10000000 3.141842e+00
100000 3.143560e+00
10000000 3.141735e+00
10000000 3.141735e+00
10000000 3.141735e+00
10000000 3.141735e+00
10000000 3.141735e+00
10000000 3.141610e+00
10000000 3.141610e+00
1000000 3.140232e+00
10000000 3.141346e+00
10000000 3.141346e+00
10000000 3.141346e+00
10000000 3.141346e+00
10000000 3.140942e+00
10000000 3.140942e+00
10000000 3.142139e+00
10000000 3.142139e+00
10000000 3.142139e+00
10000000 3.142139e+00
10000000 3.140774e+00
10000000 3.140774e+00
10000000 3.140774e+00
10000000 3.141749e+00
10000000 3.141720e+00
100000000 3.141669e+00
100 3.000000e+00
1000 3.212000e+00
10000 3.118800e+00
100000 3.141360e+00
1000000 3.140500e+00
10000000 3.141770e+00
10000000 3.141160e+00
100000000 3.141525e+00
100 3.240000e+00
1000 3.168000e+00
10000 3.131600e+00
100000 3.147920e+00
1000000 3.142932e+00
10000000 3.141492e+00
100000000 3.141750e+00
100000000 3.141693e+00
100000000 3.141750e+00
100000000 3.141693e+00
100000000 3.141701e+00
100000000 3.141701e+00
100000000 3.141701e+00
100000000 3.141701e+00
100000000 3.141701e+00
100000000 3.141729e+00
100000000 3.141729e+00
100000000 3.141729e+00
100000000 3.141548e+00
100000000 3.141548e+00
100000000 3.141614e+00
100000000 3.141614e+00
100000000 3.141224e+00
100000000 3.141224e+00
100000000 3.141746e+00
100000000 3.141746e+00
100000000 3.141746e+00
100000000 3.141325e+00
100000000 3.141325e+00
100000000 3.141513e+00
100000000 3.141513e+00
100000000 3.141513e+00
100000000 3.141325e+00
100000000 3.141513e+00
100000000 3.141341e+00
100000000 3.141341e+00
100000000 3.141846e+00
100000000 3.141846e+00
100000000 3.141846e+00
100000000 3.141846e+00
100000000 3.141594e+00
100000000 3.141594e+00
100000000 3.141594e+00
100000000 3.141468e+00
100000000 3.141468e+00
100000000 3.141468e+00
100000000 3.141572e+00
100000000 3.141468e+00
100000000 3.141572e+00
100000000 3.141564e+00
100000000 3.141463e+00
100000000 3.141463e+00
100000000 3.141463e+00
100000000 3.141572e+00
100000000 3.141647e+00
100000000 3.141463e+00
100000000 3.141564e+00
100000000 3.141647e+00
100000000 3.141647e+00
100000000 3.141288e+00
100000000 3.141180e+00
100000000 3.141288e+00
100000000 3.141288e+00
100000000 3.141288e+00
100000000 3.141180e+00
100000000 3.141589e+00
100000000 3.141580e+00
100000000 3.141580e+00
100000000 3.141589e+00
100000000 3.141589e+00
100000000 3.141580e+00
100000000 3.141655e+00
100000000 3.141655e+00
100000000 3.141655e+00
100000000 3.141447e+00
100000000 3.141447e+00
100000000 3.141447e+00
100000000 3.141447e+00
100000000 3.141590e+00
100000000 3.141590e+00
100000000 3.141590e+00
100000000 3.141603e+00
100000000 3.141814e+00
100000000 3.141603e+00
100000000 3.141603e+00
100000000 3.141814e+00
100000000 3.141814e+00
100000000 3.141616e+00
100000000 3.141616e+00
100000000 3.141814e+00
100000000 3.141616e+00
100000000 3.141556e+00
100000000 3.141556e+00
100000000 3.141556e+00
100000000 3.141592e+00
100000000 3.141592e+00
100000000 3.141592e+00
100000000 3.141592e+00
100000000 3.141815e+00
100000000 3.141815e+00
100000000 3.141815e+00
100000000 3.141833e+00
100000000 3.141313e+00
100000000 3.141570e+00
100000000 3.141454e+00
100000000 3.141498e+00
